$ANSIBLE_VAULT;1.1;AES256
65306432313737643634323239356632316164313532323363333533613435356430323064616232
3538613638633461306433343830333631633639303832650a396265366562656462383535303738
38393365393031643266363235316265386635626630306236393631663934343731333836366435
6662633164656530350a376139336232393133393061343561343063373833353439363461383861
64343135653364613930613465333932373736376264376665626438323564353732396337303736
37626336633230343864343461343330366664616334613030353634396133353830333838303062
34336436343934633635383532663730336138646334626634303461323835373332346534396266
31366435303636626230373161356530376366346433633861363331326561656631656434656161
31313230623832356237396336323635366565326462623531623266393230333437383961306236
37663237346433663630363766343836383638663339396364366262616231343366396434316664
32323234373163653934336331663436623736653032643461623763383766383161303834313164
33653739616239626363393164353239643464383337616335633830323131643037366435396437
62666131636330613637303864313334393039316130343066376531376236663463326434323963
32323239616532636635643530633734633438646237303634333737353961316330646361316131
65313830306166343238313863653737623337343661383863666661383633646333363561356164
61363964383936343361373032353034343539343862396361396334316231623966613138383337
64316463386564663635626262613934323639313233343263333930363332373339336231656163
33623436313236323236626333356164616161633337316638333163363736613831633130646265
63366635333939373237336363303662376233666130316665393965386563306266613336656363
66313538353037353439343236333235353864336562373933393462366633616333353164633134
63336635386335356264323139643566393832386437613964336231653231306331303766323036
37323738373238363262663437663734336531313530343733373435346561353833386261653833
35653861663836346463396635316365316539613437643666343635613437643463316537633832
63333735656131356436303138303266633235623438643634313766653064336136376132323936
63623039656638633633613261306132663335366235313466663565616465353532666239643334
6163306438383166666438346263353135653262616262316462
